11491343
11614587
11679075
11679182
11740298
11760608
11790361
11792983
11799068
11799498
11800934
11800952
11905037
11905163
11905174
11905183
12229261
12343159
12343308
12392145
12392575
12392780
12420437
12580913
12957705
12957714
12981397
13084351
13428924
13429136
13508409
13689629
13842728
13937744
13991868
14599527
14665552
15200901
15646940
15685237
16164471
16252285
16268492
16268541
16482078
16595018
16595212
16857318
16866020
16867524
16932777
16994166
16997724
17005952
17006232
17006429
17140708
17140710
17140723
17140757
17140763
17140776
17415869
17806362
17841422
18081271
18138981
18516382
18625592
18888790
21489017
21695238
21695513
23249870
23249434
